010
011
000

010
110
000

000
110
010

000
011
010

001
011
001

111
010
000

100
110
100

000
010
111

110
011
000

010
011
001

011
110
000

001
011
010

011
011
000

110
110
000

000
110
110

000
011
011

110
011
001

011
110
100

111
011
000

011
011
001

111
110
000

110
110
100

100
110
110

000
110
111

000
011
111

001
011
011

111
011
001

111
110
100

100
110
111

001
011
111

011
011
011

111
111
000

110
110
110

000
111
111

111
011
011

011
011
111

111
111
100

111
111
001

111
110
110

110
110
111

100
111
111

001
111
111

111
011
111

111
111
101

111
110
111

101
111
111